Generation   Generation_size_p   Avg_R_p   Generation_size_s   Avg_R_s   
1			30				2.200000			30				1.066667
2			66				1.682540			32				1.129032
3			92				1.914557			35				0.757576
4			156				1.901039			25				1.187500
5			275				1.994568			34				1.343750
6			454				1.747210			41				1.645646
7			765				1.466818			56				1.355700
8			1161				1.627694			57				0.959350
9			1711				1.374410			58				0.628517
10			1904				0.801383			37				1.105909
11			1139				0.430553			8				-1.#IND00
12			370				0.141605			0				-1.#IND00
13			62				0.021739			0				-1.#IND00
14			1				-1.#IND00			0				-1.#IND00
15			0				-1.#IND00			0				-1.#IND00
16			0				-1.#IND00			0				-1.#IND00
17			0				-1.#IND00			0				-1.#IND00
18			0				-1.#IND00			0				-1.#IND00
19			0				-1.#IND00			0				-1.#IND00
20			0				-1.#IND00			0				-1.#IND00
21			0				-1.#IND00			0				-1.#IND00
22			0				-1.#IND00			0				-1.#IND00
23			0				-1.#IND00			0				-1.#IND00
24			0				-1.#IND00			0				-1.#IND00
25			0				-1.#IND00			0				-1.#IND00
